0	59821
1	814
2	564
3	1097
4	1508
5	1389
6	1392
7	207
8	2341
9	2193
10	2627
11	2572
12	2414
13	2398
14	627
15	2295
16	2773
17	2930
18	2895
19	2595
20	2351
21	1540
22	2599
23	2937
24	3410
25	3575
26	3658
27	4143
28	4058
29	4340
30	3914
31	4899
32	5536
33	5509
34	5905
35	4944
36	4519
37	4580
38	5390
39	5901
40	5640
41	5121
42	4344
43	3791
44	4287
45	4644
46	4197
47	4156
48	3603
49	3127
50	2781
51	2714
52	2334
53	1986
54	1872
55	1746
56	1807
57	1566
58	1640
59	1227
60	1142
61	969
62	1028
63	993
64	919
65	756
66	705
67	713
68	709
69	670
70	646
71	711
72	677
73	602
74	590
75	575
76	595
77	574
78	549
79	523
80	563
81	554
82	539
83	536
84	446
85	518
86	608
87	699
88	649
89	644
90	576
91	545
92	758
93	900
94	972
95	1061
96	943
97	860
98	656
99	706
100	773
101	1006
102	442
103	496
104	386
105	497
106	318
107	343
108	459
109	330
110	478
111	634
112	398
113	376
114	672
115	664
116	788
117	583
118	533
119	504
120	482
121	515
122	370
123	358
124	387
125	353
126	387
127	1135
128	428
129	281
130	363
131	396
132	387
133	460
134	292
135	253
136	387
137	448
138	467
139	492
140	420
141	208
142	404
143	531
144	419
145	267
146	437
147	153
148	110
149	134
150	253
151	123
152	173
153	160
154	84
155	74
156	147
157	132
158	125
159	103
160	250
161	59
162	107
163	150
164	140
165	122
166	132
167	89
168	109
169	76
170	814
171	118
172	148
173	142
174	100
175	115
176	192
177	182
178	191
179	262
180	331
181	183
182	252
183	371
184	441
185	575
186	582
187	662
188	437
189	526
190	527
191	351
192	189
193	81
194	45
195	40
196	42
197	35
198	34
199	33
200	47
201	33
202	33
203	35
204	44
205	42
206	43
207	47
208	80
209	39
210	34
211	26
212	35
213	42
214	22
215	37
216	72
217	33
218	32
219	23
220	36
221	36
222	52
223	38
224	93
225	41
226	21
227	44
228	35
229	43
230	45
231	35
232	48
233	26
234	23
235	42
236	33
237	46
238	77
239	32
240	62
241	24
242	27
243	29
244	18
245	25
246	27
247	23
248	46
249	34
250	44
251	68
252	24
253	18
254	23
255	1928
