0	59711
1	1124
2	231
3	1200
4	1650
5	1600
6	1468
7	189
8	2315
9	2240
10	2498
11	2541
12	2418
13	2271
14	642
15	2324
16	2965
17	3279
18	2955
19	2528
20	2126
21	1634
22	2597
23	3049
24	3092
25	3491
26	3440
27	4044
28	4218
29	4467
30	4240
31	5178
32	5722
33	5834
34	5828
35	5067
36	4703
37	4756
38	5099
39	5781
40	5609
41	5172
42	4610
43	3926
44	4174
45	4414
46	4283
47	3900
48	3583
49	2905
50	2616
51	2358
52	2149
53	1913
54	1665
55	1571
56	1649
57	1583
58	1424
59	1325
60	1128
61	1028
62	1070
63	968
64	868
65	805
66	753
67	723
68	644
69	638
70	636
71	692
72	706
73	692
74	674
75	667
76	609
77	565
78	522
79	538
80	539
81	547
82	527
83	496
84	585
85	596
86	656
87	786
88	737
89	648
90	636
91	542
92	759
93	799
94	870
95	1012
96	937
97	1003
98	639
99	736
100	722
101	1047
102	471
103	479
104	380
105	481
106	306
107	355
108	407
109	348
110	494
111	471
112	393
113	414
114	653
115	651
116	781
117	777
118	485
119	500
120	409
121	474
122	411
123	351
124	321
125	370
126	1211
127	292
128	369
129	341
130	401
131	385
132	380
133	380
134	272
135	272
136	427
137	425
138	422
139	522
140	404
141	196
142	320
143	352
144	338
145	201
146	192
147	173
148	94
149	119
150	122
151	145
152	147
153	140
154	93
155	99
156	142
157	142
158	100
159	125
160	222
161	54
162	125
163	133
164	108
165	152
166	128
167	120
168	115
169	75
170	117
171	111
172	124
173	128
174	145
175	102
176	199
177	236
178	259
179	289
180	237
181	173
182	301
183	381
184	528
185	640
186	606
187	497
188	369
189	401
190	513
191	334
192	214
193	100
194	42
195	133
196	239
197	34
198	23
199	22
200	43
201	37
202	34
203	40
204	24
205	34
206	17
207	28
208	64
209	22
210	32
211	216
212	26
213	18
214	25
215	28
216	46
217	29
218	36
219	21
220	29
221	50
222	54
223	69
224	150
225	42
226	32
227	54
228	49
229	51
230	51
231	36
232	57
233	41
234	27
235	45
236	21
237	35
238	51
239	40
240	83
241	21
242	162
243	32
244	29
245	33
246	213
247	47
248	53
249	25
250	149
251	795
252	38
253	18
254	20
255	1935
