0	0
0.132	2.60417e-05
0.264	0
0.396	0.00023763
0.528	0
0.66	0
0.792	0
0.924	0
1.056	0
1.188	0
1.32	3.25521e-06
1.452	0
1.584	0
1.716	0
1.848	0
1.98	0
2.112	0
2.244	0
2.376	3.25521e-06
2.508	0
2.64	3.25521e-06
2.772	0
2.904	0
0	0.23234
0.132	0.00861328
0.264	0.00876628
0.396	0.00869141
0.528	0.0089681
0.66	0.00868164
0.792	0.00900716
0.924	0.00914062
0	0.175033
0.132	0.174854
0.264	0.18429
0.396	0.181462
0.528	0.183271
0.66	0.182907
0.792	0.184124
0.924	0.188704
1.056	0.188239
1.188	0.188291
1.32	0.188219
1.452	0.184912
1.584	0.186143
1.716	0.186266
1.848	0.186276
1.98	0.187845
2.112	0.188698
2.244	0.178646
2.376	0.187897
2.508	0.18417
2.64	0.185817
2.772	0.186846
2.904	0.188773
3.036	0.182321
3.168	0.18707
3.3	0.184753
3.432	0.188324
3.564	0.181924
3.696	0.185833
3.828	0.184912
3.96	0.187624
4.092	0.184173
4.224	0.187575
4.356	0.185788
4.488	0.189014
4.62	0.180951
4.752	0.187487
4.884	0.190667
5.016	0.184271
5.148	0.181247
5.28	0.183014
5.412	0.182705
5.544	0.185052
5.676	0.18304
5.808	0.186413
5.94	0.185101
0	0.175033
0.132	0.174854
0.264	0.18429
0.396	0.181462
0.528	0.183271
0	0.124502
0.132	0.0911589
0.264	0.0627897
0.396	0.0359603
0.528	0.0197884
0.66	0.0165527
0.792	0.0183854
0.924	0.0201921
1.056	0.0198991
1.188	0.0193132
1.32	0.0197656
1.452	0.0190951
1.584	0.0202148
1.716	0.0194076
1.848	0.0195573
1.98	0.000520833
2.112	0.0102376
2.244	0.0130599
2.376	0.030485
2.508	0.0270182
2.64	0.0284766
2.772	0.0281673
2.904	0.0304915
3.036	0.026556
3.168	0.0305566
3.3	0.0292155
3.432	0.0312044
3.564	0.0292708
3.696	0.0306901
3.828	0.0312109
3.96	0.0310872
4.092	0.0300749
4.224	0.0310579
4.356	0.0316146
4.488	0.0318848
4.62	0.0256152
4.752	0.0315332
4.884	0.0314258
5.016	0.0270898
5.148	0.0252344
5.28	0.0245671
5.412	0.0234603
5.544	0.0233822
5.676	0.0219564
5.808	0.0235417
5.94	0.0202962
6.072	0.0198047
6.204	0.0172982
6.336	0.017181
6.468	0.0184342
6.6	0.0189453
6.732	0.0204004
6.864	0.0211556
6.996	0.0214746
7.128	0.0179199
7.26	0.019056
7.392	0.0191667
7.524	0.0204427
7.656	0.0199805
7.788	0.0534961
0	0.124502
0.132	0.120452
0.264	0.0798991
0.396	0.107637
0.528	0.108024
0.66	0.185485
0.792	0.201074
0.924	0.306419
1.056	0.309476
1.188	0.313053
1.32	0.318226
1.452	0.314756
1.584	0.453617
1.716	0.453952
1.848	0.448971
1.98	0.44585
2.112	0.449801
2.244	0.433467
2.376	0.462559
2.508	0.446055
2.64	0.451729
2.772	0.455713
2.904	0.463255
3.036	0.447458
3.168	0.461712
3.3	0.454626
3.432	0.465931
3.564	0.447686
3.696	0.463265
3.828	0.460251
3.96	0.466019
4.092	0.454124
4.224	0.463838
4.356	0.478366
4.488	0.484902
4.62	0.461849
4.752	0.480977
4.884	0.488994
5.016	0.471354
5.148	0.461478
5.28	0.466885
5.412	0.468278
5.544	0.470479
5.676	0.466595
5.808	0.471113
5.94	0.47195
6.072	0.476647
6.204	0.470426
6.336	0.474059
6.468	0.478249
6.6	0.480856
6.732	0.475693
6.864	0.481247
6.996	0.486781
7.128	0.469255
7.26	0.48029
7.392	0.481816
7.524	0.484714
7.656	0.488122
7.788	0.488841
7.92	0.481178
8.052	0.485739
8.184	0.486468
8.316	0.490049
8.448	0.499489
8.58	0.480934
8.712	0.484202
8.844	0.48083
8.976	0.48623
9.108	0.486087
9.24	0.487406
9.372	0.489147
9.504	0.478512
9.636	0.488776
9.768	0.501855
9.9	0.484987
10.032	0.479098
10.164	0.493766
10.296	0.491745
10.428	0.498278
10.56	0.475397
10.692	0.492061
10.824	0.493477
10.956	0.497341
11.088	0.481006
11.22	0.490326
11.352	0.488473
11.484	0.490026
11.616	0.475088
11.748	0.493418
11.88	0.479489
12.012	0.486702
12.144	0.488535
12.276	0.486263
12.408	0.486077
12.54	0.486992
12.672	0.485286
12.804	0.482529
12.936	0.482005
13.068	0.483512
13.2	0.483327
13.332	0.477705
13.464	0.486631
13.596	0.492227
13.728	0.488281
13.86	0.475553
13.992	0.488083
14.124	0.487842
14.256	0.487191
14.388	0.469118
14.52	0.48402
14.652	0.490843
0	0.124502
0.132	0.0428678
0.264	0.0710156
0.396	0.216732
0.528	0.243792
0.66	0.350713
0.792	0.354518
0.924	0.367786
1.056	0.365879
1.188	0.374411
1.32	0.381068
1.452	0.37304
1.584	0.378835
1.716	0.376702
1.848	0.378421
1.98	0.37584
2.112	0.382103
2.244	0.358337
0	0.124502
0.132	0.0715885
0.264	0.159186
0.396	0.260931
0.528	0.265732
0.66	0.382227
0.792	0.391608
0.924	0.40404
1.056	0.401995
1.188	0.404124
1.32	0.404609
1.452	0.395062
1.584	0.400941
1.716	0.398473
1.848	0.403678
0	0.124502
0.132	0.011901
0.264	0.0376953
0.396	0.114762
0.528	0.216357
0.66	0.250199
0.792	0.326204
0.924	0.399326
1.056	0.408805
1.188	0.415117
1.32	0.411663
1.452	0.406367
1.584	0.41056
1.716	0.410762
1.848	0.409489
1.98	0.40915
0	1
0.132	1
0.264	1
0.396	1
0.528	1
0	0.229632
0.132	0.30402
0.264	0.316579
0.396	0.225902
0.528	0.415104
0.66	0.284303
0.792	0.258138
0.924	0.26013
1.056	0.264639
1.188	0.477236
1.32	0.435768
1.452	0.402686
1.584	0.419873
1.716	0.390195
1.848	0.425182
1.98	0.42151
2.112	0.438851
2.244	0.359544
2.376	0.378779
2.508	0.380553
2.64	0.363398
2.772	0.366634
2.904	0.40514
3.036	0.391318
3.168	0.441569
3.3	0.455719
3.432	0.451156
3.564	0.448083
3.696	0.498337
3.828	0.454255
3.96	0.457952
4.092	0.407142
4.224	0.444508
4.356	0.369889
4.488	0.359411
4.62	0.344352
4.752	0.405983
4.884	0.454033
5.016	0.45235
5.148	0.369889
5.28	0.38584
5.412	0.342109
5.544	0.429759
5.676	0.382324
5.808	0.424681
5.94	0.403984
6.072	0.365905
6.204	0.352484
6.336	0.383262
6.468	0.384219
6.6	0.423763
6.732	0.35945
6.864	0.396641
6.996	0.449036
7.128	0.382298
7.26	0.427581
7.392	0.419805
7.524	0.457018
7.656	0.425042
7.788	0.407074
7.92	0.380983
8.052	0.389906
8.184	0.385068
8.316	0.352262
