789
0
0
107
0
0
0
0
0
0
0
0
0
0
0
0
0
0
0
0
0
0
0
0
0
0
0
0
0
0
0
0
0
0
4
0
1
0
0
0
0
0
0
0
0
0
0
0
0
0
0
0
0
0
0
0
0
0
0
0
0
0
0
0
0
0
0
0
0
0
0
0
0
0
0
0
0
0
0
0
0
0
0
0
0
0
0
0
0
0
0
0
0
0
0
0
0
0
0
0
0
0
0
0
0
0
0
0
0
0
0
0
0
0
9821
3266
1431
6533
363
407
868
727
625
594
578
402
468
345
488
480
519
285
411
543
805
337
573
304
330
251
302
196
372
369
372
338
459
717
1096
287
649
353
188
102
155
193
119
151
172
108
183
124
518
674
313
451
501
425
296
356
326
409
244
289
314
458
462
694
435
498
199
279
396
428
398
346
173
347
517
383
498
947
420
832
387
530
758
321
442
471
471
552
385
895
376
618
896
593
617
499
577
432
548
425
216
374
504
550
793
546
510
730
659
347
543
608
311
89
6810
6954
802
414
555
408
612
449
353
247
291
329
550
517
398
1816
1160
376
559
596
315
548
377
350
302
343
227
304
264
505
384
388
698
262
630
517
486
408
385
370
537
645
399
315
417
814
1132
253
491
405
592
563
444
385
365
373
438
510
382
696
1008
855
635
763
361
350
498
514
353
442
539
486
311
470
544
847
338
554
462
190
379
186
259
447
272
233
258
236
230
393
363
681
487
371
533
279
0
0
6823
1369
369
4281
105
153
420
239
242
210
187
54
134
74
125
101
175
121
150
363
390
162
275
100
103
102
81
48
113
108
171
140
90
300
654
123
281
113
93
46
69
49
54
57
60
29
63
62
372
403
147
243
183
84
101
79
61
136
78
61
88
208
260
400
134
275
83
77
106
118
83
94
88
101
158
154
203
506
93
370
182
150
158
75
133
95
85
185
131
377
154
190
316
192
205
161
160
87
147
56
44
103
98
140
354
183
112
202
205
166
129
90
99
68
5930
5453
4476
326
1
2325
6
12
170
17
32
25
10
3
19
0
4
13
19
16
16
144
61
13
54
3
0
6
10
0
17
14
34
19
0
95
274
1
39
6
4
12
2
0
0
2
4
0
0
5
170
109
18
85
6
1
29
0
0
2
0
0
8
69
23
182
8
69
12
1
0
2
0
7
11
0
33
13
50
242
12
73
38
0
8
0
5
4
3
31
3
91
26
13
61
25
13
26
9
0
18
0
0
0
1
1
91
22
8
36
13
22
22
0
0
2
5565
4667
144
14
76
2
46
44
1
2
0
0
44
1
3
73
19
25
96
88
18
70
2
0
0
0
0
0
0
0
0
47
121
0
39
0
0
0
0
0
3278
47
0
1252
0
0
60
0
0
0
0
0
0
0
0
0
0
0
0
50
0
0
3
0
0
0
0
0
3
0
5
0
0
24
156
0
17
0
0
0
0
0
0
0
0
0
0
0
31
10
0
16
0
0
0
0
0
0
0
0
0
23
1
67
0
9
1
0
0
0
0
0
0
0
6
0
4
155
0
8
0
0
0
0
0
0
0
5
0
16
1
0
22
1
0
3
0
0
8
0
0
0
0
0
4
0
0
1
0
0
5
0
0
0
5205
4106
67
0
1
0
6
13
0
0
0
0
3
0
0
23
0
10
10
4
1
10
0
0
0
0
0
0
0
0
0
4
50
0
9
0
0
0
0
0
0
0
0
0
0
1
9
0
0
1
6
0
0
0
0
0
0
0
3
2
75
1
0
3
0
1
0
6
0
2
0
0
0
0
0
17
0
0
8
0
0
0
0
0
0
0
0
0
2
0
0
13
15
0
4
0
0
0
0
0
0
0
0
0
0
20
25
0
0
0
0
0
0
0
0
2297
